30 0.726317938038813
30 0.699752144113318
30 0.6976354404599583
30 0.6939178694736047
30 0.7716479800156848
30 0.7701488472702114
30 0.7652406675582076
30 0.7599233236869745
30 0.7069685723673752
30 0.7080552361636063
30 0.7566196664448778
30 0.7347751467044147
30 0.6967287983128699
30 0.6814607616459901
30 0.7741327970408219
30 0.678890838935076
30 0.7547121805319957
30 0.7292056553982319
30 0.7609592833505872
30 0.7496265975820843
30 0.7653480033315706
30 0.7278261083065408
30 0.752082880276012
30 0.715907717688189
30 0.6955216420649933
30 0.7644556324485238
30 0.7317680936257448
30 0.7574852179593022
30 0.7366738212281203
30 0.7079398884784758
30 0.7299190348451701
30 0.734565432813132
30 0.6868242092290802
30 0.754327073298075
30 0.7214641242454081
30 0.7562136892939955
30 0.7675773948802675
30 0.7755760029740079
30 0.7746121291231962
30 0.7433931754387848
30 0.714426870849447
30 0.7449424258752018
30 0.7613678227949181
30 0.7033900061361967
30 0.7513208005295859
30 0.7059002782980645
30 0.7492635885008181
30 0.716310037065883
30 0.745024901167125
30 0.7029207390302864
90 1.0367982282592598
90 0.998578541060303
90 1.037794986861535
90 1.0235114520682287
90 1.043869699014576
90 1.0132891372201822
90 1.039454206390455
90 1.0192609452090253
90 0.9746056061653816
90 1.038264210380302
90 1.030395335616262
90 1.0358353556351334
90 1.0166253917396777
90 1.06589098304615
90 0.995182482428123
90 1.0026479152972205
90 0.9912226193297996
90 0.9913841385612941
90 1.0473536721331171
90 1.0394197369917997
90 0.9802730271594069
90 1.0468327760502758
90 1.0064612245152993
90 1.0369427511475184
90 1.0570669910549686
90 1.051482752086236
90 0.9902176026872037
90 0.9868458339386328
90 1.0450678813155951
90 0.9910344095942489
90 0.9808976755530985
90 1.020169537091184
90 1.0638961111127452
90 1.029089380893759
90 1.0561102340981503
90 1.043978062428057
90 1.0629626246976605
90 1.0645751762856868
90 1.0329759818630906
90 1.0009838436646996
90 1.0560435201983438
90 1.0463522017779934
90 1.0273691243692329
90 0.9788317765007346
90 0.9953687413117024
90 1.0309687599419715
90 1.0621711506347198
90 1.0583983872719323
90 1.0435467012445212
90 0.9779817387820978
90 0.9560358800688824
90 1.0210128979548414
90 0.9700657323961428
90 1.0117005630376357
90 0.956903110925352
90 0.9707646104332497
90 0.9550290737876784
90 1.0141146011965905
90 0.94900463255019
90 0.9646984604343545
90 1.000778336025687
90 0.9791084166711692
90 1.0116115079857664
90 0.9334860739441387
90 0.9794510238545544
90 0.9756408539928864
90 0.9308259435818397
90 0.9761705467386761
90 0.9785957326971996
90 0.9774946727176296
90 0.9227274459636714
90 1.0161060367898753
90 0.927582209001341
90 0.9940572135405848
90 1.0106839488857806
90 0.9285697978387316
90 0.9242274534842165
90 0.945785973988868
90 0.9232914928959088
90 0.9242673898758579
90 0.9588494047863629
90 0.9463042584079822
90 0.9555385860576529
90 0.9810173249990857
90 0.9502090660595026
90 0.9780873898038518
90 0.9338915850334948
90 0.979908707847324
90 0.9717823968717129
90 1.0036364962061206
90 1.019764896965161
90 0.9522716045832299
90 0.9314199725560237
90 1.0062982166513785
90 0.9846121773759733
90 1.002755183236557
90 1.013729867422882
90 0.932728632394535
90 0.9887838930494991
90 1.0101364693248205
90 0.9833798155710775
90 0.9699881689266285
90 1.0015972463408906
90 0.9415624100973924
90 1.0037626030125544
90 0.9796413410360606
90 0.9429394289585082
90 0.9131590380298366
90 0.9695329571900091
90 0.9957808259154766
90 0.9652296527325395
90 0.9851097173042438
90 0.9696999448679184
90 0.9118883893753489
90 0.9255313910675649
90 0.9811480240483998
90 0.9964957963962133
90 0.966723853566718
90 0.9220148376204377
90 1.0012632405272814
90 0.9295901971033781
90 0.9484105867591932
90 0.9601772842231476
90 0.9857486460568631
90 0.9205943778788341
90 0.9120640747413851
90 0.9191903735998208
90 0.9258476521188964
90 0.9644028895827126
90 0.9564525362065841
90 0.9764091261781584
90 0.977932678541354
90 0.9348625806102686
90 0.9681971549253501
90 0.994487219698392
90 0.9339106769631107
90 0.9705082699868772
90 0.9545431269781387
90 0.9831280507883196
90 0.9332815264621596
90 0.9284881284114
90 0.9657469661062565
90 1.0081684592783102
90 1.0097391690192183
90 0.9539428181827346
90 0.936977487823033
90 1.01056345216429
90 0.928589832800313
90 1.0067486489234976
90 0.9646623795696758
120 1.2462049395923211
120 1.153572463070528
120 1.2104839266545162
120 1.1906344714987074
120 1.2054389942535078
120 1.19687662441231
120 1.1735809332426668
120 1.241331158985584
120 1.1967851526524986
120 1.1528205352564553
120 1.1737597643327065
120 1.1802205062211268
120 1.233754512480114
120 1.1996916303540905
120 1.2263960246335004
120 1.2275609193455463
120 1.2170845715086598
120 1.1903324029178777
120 1.214026848468314
120 1.2023148673564321
120 1.1969924366712428
120 1.197941734335506
120 1.2222931076503962
120 1.177903095766538
120 1.1643636602188359
120 1.2004208187357055
120 1.2333026286425015
120 1.2337003206797044
120 1.2232438282621492
120 1.2446148271367938
120 1.1811165549780664
120 1.2499195329253265
120 1.242085892493795
120 1.2399450397303977
120 1.1726722225619493
120 1.2180662334421535
120 1.175494403903
120 1.1757196469417697
120 1.240884432182204
120 1.1525114809914054
120 1.1983895140561334
120 1.1932984621878981
120 1.2364962729285829
120 1.2083462326517238
120 1.1901089707855648
120 1.2018266248811307
120 1.160068811848236
120 1.157709403516871
120 1.2000041782281587
120 1.1648804526854888
120 1.1157949795648598
120 1.0599007654866537
120 1.056237860400215
120 1.1429662043871045
120 1.1308241097591594
120 1.0496801168851972
120 1.142698915588119
120 1.1298212290964171
120 1.073371404193269
120 1.122620121373673
120 1.1316857945440584
120 1.0492931431474806
120 1.1102496771469479
120 1.108702336193012
120 1.0660213226934905
120 1.1304433886391205
120 1.1157305948712093
120 1.091008615365331
120 1.0771327386899745
120 1.1066107030017365
120 1.1041592192910543
120 1.0731731268794662
120 1.0794550758568113
120 1.0452415733193312
120 1.0866397588010603
120 1.0479518427752168
120 1.142016458832724
120 1.0690548325407336
120 1.061548474640327
120 1.0490744196705943
120 1.106442775848091
120 1.0505777035156316
120 1.0850424242724848
120 1.0980555347790983
120 1.0842420091870544
120 1.1113964387340807
120 1.128035863753176
120 1.0981003582095028
120 1.052459532811106
120 1.1240545804032958
120 1.064276821009691
120 1.1328310884998083
120 1.0641259126880531
120 1.1049356813762066
120 1.1076843883972605
120 1.081165344718878
120 1.0989693309974842
120 1.1276218832701965
120 1.0977262502868625
120 1.058795726995708
135 1.1441478771002247
135 1.1554742299215726
135 1.1691558487597333
135 1.1972893398299693
135 1.1736828109223787
135 1.1315589554319074
135 1.1504541123352305
135 1.1558198228093175
135 1.1617264716525113
135 1.1864907887253675
135 1.1581279525553696
135 1.1644377663449275
135 1.1907800227204293
135 1.177029774797592
135 1.1609535804683953
135 1.1538769447378865
135 1.124097356989726
135 1.181824335332473
135 1.098778349136528
135 1.1030250571609581
135 1.1290258446249957
135 1.1098008091569163
135 1.1774437918997616
135 1.1133715625029674
135 1.1006971089890034
135 1.116213773816501
135 1.1497150692950313
135 1.1665744533490072
135 1.1183674008211593
135 1.1233125016934216
135 1.158583760174089
135 1.1036041955913467
135 1.0985131964526547
135 1.1772349295816142
135 1.148015855611368
135 1.124966629669192
135 1.1699719180715695
135 1.1834752781859212
135 1.1571276858829702
135 1.150090135341335
135 1.1590869977237082
135 1.1400094720193252
135 1.1119471339516709
135 1.143817674441961
135 1.1372863177631634
135 1.1617242790039706
135 1.1712834290173295
135 1.133943086671799
135 1.1120798356621342
135 1.1358658940855715
135 1.1505464222166237
135 1.1605316708200661
135 1.2283274105815525
135 1.1610682343840995
135 1.1639976961194223
135 1.2243429788111362
135 1.168048855318165
135 1.2146031410135536
135 1.1773423995301595
135 1.2181472590326659
135 1.2094552963706593
135 1.1874961630997585
135 1.2294314730492268
135 1.1558773463058205
135 1.2083781191181846
135 1.2351451238640945
135 1.2483311928363023
135 1.2066080182460508
135 1.222945699897208
135 1.2228833182630487
135 1.1604515690214852
135 1.2006326458382874
135 1.1567298204897374
135 1.1618968940892804
135 1.164393015444274
135 1.2387780726815896
135 1.2042805017140175
135 1.1610625677479942
135 1.175326879771313
135 1.1745634876420743
135 1.1619814539900444
135 1.2489623704830628
135 1.2052286463735764
135 1.1552982664900213
135 1.244813380860182
135 1.1692314962005759
135 1.1725044727584668
135 1.2143984534314494
135 1.184142136976195
135 1.1909696316516583
135 1.2223758767608808
135 1.1822221366337038
135 1.1814570058025888
135 1.159249023363734
135 1.246244300452952
135 1.1493546184309127
135 1.2208424367180422
135 1.1676247655847893
135 1.234088677237497
135 1.1868643913381731
135 1.3227337057723567
135 1.270566005709952
135 1.321172956719241
135 1.2986898234793147
135 1.3019407327822285
135 1.2821030088648941
135 1.3084757721056017
135 1.329071126399253
135 1.337747273832385
135 1.2772603620770462
135 1.2707752380804056
135 1.311708206215327
135 1.2852551162631383
135 1.3439530702694575
135 1.2972207548129495
135 1.3568983480909542
135 1.2710868205361845
135 1.2933063995396816
135 1.3364743407451345
135 1.3171341596392518
135 1.289588409901553
135 1.2756580538631883
135 1.320632671002909
135 1.3356744150470512
135 1.2855168615378259
135 1.3446032445823979
135 1.276483170344571
135 1.3178894635117067
135 1.2778917861109182
135 1.3256546448572684
135 1.2874972976506693
135 1.2958906785766593
135 1.2926644403132934
135 1.290468440762043
135 1.3043489010104548
135 1.3326992494971732
135 1.349904138532045
135 1.32070354233869
135 1.347948357847907
135 1.2950707684033
135 1.357938934133067
135 1.2972261691625635
135 1.3181076721616822
135 1.3539250465308903
135 1.3384711862951275
135 1.3530640515406827
135 1.267107117805158
135 1.2802012945073753
135 1.3586740841525022
135 1.2643950726185482
45 0.7597007568453499
45 0.7693613933138438
45 0.7417543636822446
45 0.8075863190706879
45 0.7996203501480974
45 0.752710902792504
45 0.7690327097247411
45 0.7716782239547194
45 0.8147374759545581
45 0.7720460364415472
45 0.7455342006165746
45 0.7538058862078545
45 0.8385049298531884
45 0.7626369719169301
45 0.8187838496515865
45 0.8369754515432235
45 0.7635325478607958
45 0.8157049165434623
45 0.7744403398355977
45 0.8250669735116346
45 0.7492460587406589
45 0.7900621967508317
45 0.7412715848398481
45 0.765112138078607
45 0.742929872067436
45 0.8202802609189621
45 0.8128903199921247
45 0.7616304689771857
45 0.7480646446172424
45 0.768359089362268
45 0.8207474321006132
45 0.741890090934427
45 0.7745807160637151
45 0.7778910263446654
45 0.7927501573448972
45 0.777463505694761
45 0.7942973267623203
45 0.8203059844588019
45 0.7685077765539147
45 0.8225115692441567
45 0.7449261812617642
45 0.8285665847175783
45 0.8366042226764777
45 0.7939042537952489
45 0.8159149296606637
45 0.7707978275788299
45 0.7997755356316865
45 0.8364661683589938
45 0.790762535961546
45 0.7541248846740937
150 1.4116412679949397
150 1.4655964817300402
150 1.3900052399758471
150 1.4222625422974626
150 1.384191555993127
150 1.3856526330902188
150 1.4508164671377701
150 1.4751593529581957
150 1.458034777531297
150 1.4001239133513959
150 1.4687265407455363
150 1.4562890244325364
150 1.383363210869992
150 1.4008626639354511
150 1.4751633772492154
150 1.4121614678538228
150 1.4177677867963239
150 1.4506897469004973
150 1.4585925509339588
150 1.416741241992492
150 1.442980169640671
150 1.409277307078057
150 1.4661220500734422
150 1.4351975763135627
150 1.4150426538749157
150 1.4174968236129384
150 1.4009624012987645
150 1.4779188783510802
150 1.4767035363290988
150 1.434858022765236
150 1.442057557626099
150 1.3924984858652216
150 1.4495429800807624
150 1.471562311710289
150 1.441022265773698
150 1.449206019634936
150 1.4285447745815507
150 1.4639555302617424
150 1.4127967934020575
150 1.3860039662159964
150 1.430339774259794
150 1.445074131136601
150 1.4413039339648535
150 1.3940403951008895
150 1.3860189945384742
150 1.4120481193365455
150 1.4182526608829369
150 1.4325293381639803
150 1.4148292735016428
150 1.479975306357519
45 0.7921100283398977
45 0.8010398551037549
45 0.7819819490697186
45 0.8385017039670891
45 0.7710865314435743
45 0.8019177386646148
45 0.7946376792088868
45 0.8004517536831163
45 0.839609416363375
45 0.7782320031880826
45 0.8264682131045552
45 0.8125785431161504
45 0.8185764034660418
45 0.7854601783684396
45 0.7727940866125032
45 0.7825593372659098
45 0.7521328184224648
45 0.7981190270807931
45 0.8103186238347656
45 0.8259964125024477
45 0.8352952811092428
45 0.7733538526941828
45 0.7742482989554345
45 0.8138242345607647
45 0.754233626823855
45 0.8323725336501252
45 0.7795381939489723
45 0.7533569404760961
45 0.762930388260192
45 0.8211320126025226
45 0.8111143476783078
45 0.840897070601558
45 0.8400718549712917
45 0.8000650648393723
45 0.8356004695402072
45 0.8335150225017866
45 0.8160129834193741
45 0.8308335855761907
45 0.8120335335770128
45 0.8149704018548474
45 0.7839407677173577
45 0.7995075620371349
45 0.7548570708336145
45 0.8142477725771384
45 0.8467888304116533
45 0.7993987337351609
45 0.8149744969665634
45 0.8463324180320125
45 0.7715758179024682
45 0.8171983511620624
60 0.7937078407195017
60 0.812483778088164
60 0.8339342360658891
60 0.8340947569498963
60 0.8261199618508991
60 0.7887084514494574
60 0.82066836082169
60 0.8190490977555203
60 0.8047881388115008
60 0.7693781714723635
60 0.7532716020575659
60 0.7833314082295151
60 0.8120620189851652
60 0.7870669341292685
60 0.7375954031041814
60 0.7669215650719902
60 0.7789579349581092
60 0.7441096442190138
60 0.8021261522188006
60 0.7524330241210958
60 0.8286238171713234
60 0.8052715002596724
60 0.7372286250663599
60 0.7345944657459091
60 0.8243519788752067
60 0.7406154040493209
60 0.7929324791020733
60 0.7659576724779453
60 0.78476787639434
60 0.8011441711805276
60 0.7645852007882763
60 0.8117561622608103
60 0.7622043800433939
60 0.7520255213049007
60 0.7538729332692844
60 0.8301125492310336
60 0.7508049878323061
60 0.7859152193898343
60 0.8049328505102828
60 0.7714396781987647
60 0.7814431659138554
60 0.7362083806148828
60 0.760213923974999
60 0.7571649639575805
60 0.8022401553312439
60 0.766581359020872
60 0.7847755399407735
60 0.8268397327313454
60 0.8011248279911516
60 0.7752711421467818
60 0.8581486899468884
60 0.8980051944177325
60 0.8376991642876734
60 0.8182266486893723
60 0.8977221746157362
60 0.8157606505629356
60 0.8908846143487349
60 0.815605261647063
60 0.807386661976102
60 0.8981986145850361
60 0.8060862215408333
60 0.8846826098319909
60 0.8845696995444685
60 0.8523550576688061
60 0.8509981624636869
60 0.8634859053059175
60 0.8529365206797069
60 0.8758242564253382
60 0.8204740764320662
60 0.8169473856343767
60 0.8168842379321783
60 0.8766859181152341
60 0.8102279124494894
60 0.8340190693039006
60 0.8980809147630427
60 0.8634420819444458
60 0.8409434836135528
60 0.9024704824224642
60 0.8162753541512683
60 0.8491566008868601
60 0.8539740032785081
60 0.8998547946938016
60 0.894273156414716
60 0.8675051781727281
60 0.8859838489733075
60 0.8773393938103238
60 0.8311389682442177
60 0.8090555803432532
60 0.8992914375073217
60 0.873918909048782
60 0.8182647485703258
60 0.8546658332121935
60 0.8170700229649235
60 0.872392983703314
60 0.8864277470556551
60 0.848819864102128
60 0.8329478894243081
60 0.8221511848640581
60 0.8143295098091794
60 0.804832933570541
