150 1.1954493363434233
150 1.197469338524082
150 1.205044960586694
150 1.1954816631680893
150 1.204954378950012
150 1.2040953463472677
150 1.1999782002078618
150 1.2011822123192457
150 1.1984696295010182
150 1.1983266322425983
150 1.2019259961831663
150 1.1968668111562941
150 1.202410900162504
150 1.202998566667874
150 1.1963732454779838
150 1.1953336921363853
150 1.1976093980912754
150 1.2045379096003748
150 1.200630487741285
150 1.2003576090304722
150 1.2039503834995002
150 1.2008155221796637
150 1.201077036461407
150 1.202201566736079
150 1.1982091164645963
150 1.200110588571684
150 1.1991723070847298
150 1.1979339651909342
150 1.1999890702323879
150 1.2010439890869653
135 1.1687136661626856
135 1.1742006534733707
135 1.1760885809245647
135 1.1692735318431169
135 1.1757825592579518
135 1.1762325421162392
135 1.1691686018377123
135 1.1718728554348823
135 1.1743544355598785
135 1.1748143129190407
135 1.1758620377840139
135 1.1756777241019145
135 1.1691842865115847
135 1.1726171490045945
135 1.1744683678003631
135 1.1770683344784427
135 1.173095310522414
135 1.1768883700801782
135 1.1713805780997848
135 1.1711085369973442
135 1.1698496473135371
135 1.1682247626217501
135 1.1769176541222754
135 1.17153843967663
135 1.1737971085001617
135 1.1697374800524116
135 1.1709499255482423
135 1.1758459538971462
135 1.1735899276940363
135 1.1693347437017467
120 1.116400047471648
120 1.1109130425912888
120 1.1108513654980097
120 1.1146207526273546
120 1.1158555410422983
120 1.1087751089947322
120 1.1130521622449696
120 1.108925873502848
120 1.1111729411483517
120 1.1119050550938592
120 1.1158502271786657
120 1.113716591631366
120 1.112824097309154
120 1.1134744472250684
120 1.107526229276183
120 1.1152330845560958
120 1.1100690731702627
120 1.1102401226668035
120 1.114987088831472
120 1.1134490508536177
120 1.1171866352814486
120 1.107821645819473
120 1.1158184364875616
120 1.1167690904945238
120 1.1079858305608479
120 1.1087128184719708
120 1.1156408371268998
120 1.1102791859610688
120 1.1151577728497526
120 1.1086759881568131
60 0.8840255637006627
60 0.8845404704027132
60 0.8834484577851779
60 0.8837075730163806
60 0.8843169397316412
60 0.8867126793534978
60 0.8889601044984936
60 0.8854142162319266
60 0.8805793043358291
60 0.8851985546077396
60 0.8895289214613148
60 0.8856308650073518
60 0.8843666933000629
60 0.8885908975021154
60 0.8886800641658479
60 0.8800843923748096
60 0.8855595051816276
60 0.8819944209510809
60 0.8869051480027834
60 0.882747776394087
60 0.8888757962469088
60 0.888713036100116
60 0.8804268143849359
60 0.8827626041283554
60 0.8888280505369239
60 0.8813905153380567
60 0.8812393785664084
60 0.8812277663662746
60 0.8895266375079172
60 0.8807665244612817
90 0.9912038664944866
90 0.9874171599934445
90 0.9899630764617038
90 0.991505393605802
90 0.9946392543377497
90 0.9961634906311572
90 0.989975360782357
90 0.9900912569844257
90 0.9913901896462722
90 0.9911046963673757
90 0.991060865668691
90 0.990843274885699
90 0.9879318275129002
90 0.9873597571612494
90 0.9920102790257322
90 0.9949440743773724
90 0.9961075902694531
90 0.9943749495152667
90 0.9935524925143123
90 0.9877747232329129
90 0.9901718700479065
90 0.9922430464224278
90 0.9950272821212883
90 0.9912031356218969
90 0.9938960041872704
90 0.9912514047971458
90 0.9902111795244902
90 0.9946971464230354
90 0.9889275947925631
90 0.9889847060228012
45 0.8496440189186627
45 0.8419365167668903
45 0.8415865568745992
45 0.8418059796483408
45 0.8410999158027793
45 0.8465566347773923
45 0.8421764557910264
45 0.8490263669904525
45 0.8482281294875542
45 0.8415109588473105
45 0.8445284672521289
45 0.8455375946632292
45 0.8440506706416997
45 0.8472979374255986
45 0.8412753057523402
45 0.8470155301661514
45 0.842820042636507
45 0.846518494036019
45 0.8422894227259613
45 0.8415242684379943
45 0.843461164315852
45 0.8446200873075759
45 0.8486314508091389
45 0.8475292621843696
45 0.8508277395808591
45 0.8456187012319585
45 0.8498129256767325
45 0.843446894376519
45 0.8471380717431365
45 0.8454727204712708
30 0.8206665703527674
30 0.8207742957851222
30 0.8206295534212273
30 0.8258877258083485
30 0.8205608598596743
30 0.816947414624367
30 0.824826477720575
30 0.82554716297049
30 0.8187188301465276
30 0.8178077479827174
30 0.8182646466549958
30 0.8254415029133244
30 0.8208215922858354
30 0.8262723911004625
30 0.8239978533222903
30 0.817738480890646
30 0.8204592481794086
30 0.8217183297911039
30 0.8171695693040079
30 0.823706438279181
30 0.8226738364765807
30 0.826615859455545
30 0.8241494008106013
30 0.8218928514229257
30 0.8239141520604683
30 0.8171146469434873
30 0.8222261802903005
30 0.8228715824896923
30 0.8200105405128175
30 0.8211345513416981
