250 90.0499861188218
130 169.07394831847986
290 79.1580697086532
280 80.05623023850174
120 183.09833423600554
240 94.08506789071261
150 147.12239802287073
60 351.2406582387637
190 118.01694793545543
230 98.04590761474952
220 101.04454463255303
180 124.06449935416659
70 306.1633550900565
140 157.07959765672945
170 131.06105447462264
80 270.1184925176357
210 107.0420478129973
50 387.25314717894804
200 112.0
90 241.29857024027308
160 138.0905500025255
270 83.0
110 198.16155025635018
100 220.32702966272657
300 75.1065909225016
260 86.05230967266364
